6.360000000000000000e+02 4.080000000000000000e+02
1.399000000000000000e+03 3.800000000000000000e+02
2.447000000000000000e+03 3.700000000000000000e+02
2.447000000000000000e+03 6.330000000000000000e+02
1.909000000000000000e+03 6.610000000000000000e+02
1.489000000000000000e+03 6.890000000000000000e+02
1.108000000000000000e+03 7.620000000000000000e+02
6.920000000000000000e+02 7.650000000000000000e+02
4.000000000000000000e+02 7.860000000000000000e+02
1.750000000000000000e+02 7.960000000000000000e+02
0.000000000000000000e+00 8.140000000000000000e+02
0.000000000000000000e+00 7.200000000000000000e+02
0.000000000000000000e+00 5.570000000000000000e+02
0.000000000000000000e+00 4.250000000000000000e+02
