0.000000000000000000e+00 4.360000000000000000e+02
3.900000000000000000e+02 4.320000000000000000e+02
8.030000000000000000e+02 4.250000000000000000e+02
1.538000000000000000e+03 4.250000000000000000e+02
2.447000000000000000e+03 4.570000000000000000e+02
2.447000000000000000e+03 8.730000000000000000e+02
2.030000000000000000e+03 8.520000000000000000e+02
1.566000000000000000e+03 8.280000000000000000e+02
9.800000000000000000e+02 8.100000000000000000e+02
6.400000000000000000e+02 8.030000000000000000e+02
3.310000000000000000e+02 7.790000000000000000e+02
2.100000000000000000e+02 8.030000000000000000e+02
9.500000000000000000e+01 8.480000000000000000e+02
0.000000000000000000e+00 8.520000000000000000e+02
0.000000000000000000e+00 6.960000000000000000e+02
0.000000000000000000e+00 5.780000000000000000e+02
0.000000000000000000e+00 4.880000000000000000e+02
